0 223 1.0
0 372 1.0
0 107 1.3992957746478873
0 230 1.7650000000000001
0 360 1.0
0 318 1.1125
0 14 1.0
0 18 1.0
0 364 1.0
0 8 1.0
0 371 1.7312500000000002
0 7 1.0
0 286 1.1754237288135592
0 340 1.7896226415094338
0 27 1.0
0 373 1.0
0 13 1.0
0 390 1.0
0 335 1.0
0 21 1.0
0 51 1.0
0 47 1.0
0 370 1.0
0 32 1.0
0 357 1.0
0 37 1.0
0 38 1.0
0 44 1.0
0 337 1.0
0 260 1.0
0 20 1.0
0 25 1.0
0 231 1.0
0 173 1.0
0 24 1.0
0 19 1.0
0 22 1.0
0 226 1.0
0 60 1.0
0 229 1.0
0 300 2.8
0 75 1.0
0 73 1.0
0 76 2.3499999999999996
0 15 1.0
0 250 1.0
0 16 1.0
0 325 1.0
0 377 1.0
0 62 1.3
0 232 1.0
0 326 1.0
0 244 1.0
0 384 1.0
0 28 1.0
0 323 1.0
0 327 1.0
0 271 1.0
0 39 5.114285714285715
0 61 1.0
0 237 4.6000000000000005
0 68 1.0
0 70 1.0
0 329 1.0
0 52 1.0
0 269 1.0
0 54 1.0
0 53 1.0
0 55 1.0
0 311 1.0
0 246 1.0
0 306 1.0
0 268 1.0
0 350 1.0
0 352 1.0
0 69 1.0
0 64 1.0
0 247 1.0
0 248 1.0
0 383 2.125
0 275 1.450000000000001
0 314 1.0
0 235 1.0
0 242 1.0
0 72 1.0
0 294 1.0
0 245 1.0
0 65 1.0
0 253 1.0
0 295 1.0
0 71 1.0
0 257 1.0
0 298 1.0
0 258 1.0
0 302 1.0
0 77 1.0
0 80 1.0
0 227 1.0
0 234 1.0
0 236 1.0
0 238 1.0
0 241 1.0
0 276 1.0
0 243 1.0
0 336 1.0
0 251 1.0
0 299 1.0
0 255 1.0
0 262 1.0
0 282 1.0
0 380 1.0
0 381 1.0
0 361 1.0
0 239 1.0
0 290 1.0
0 46 1.0
0 249 1.0
0 41 1.0
0 358 1.0
0 88 1.0
0 83 1.0
0 81 1.0
0 267 1.0
0 225 1.0
0 86 1.0
0 259 1.0
0 87 1.0
0 351 1.0
0 82 1.0
0 224 1.0
0 270 1.0
0 291 1.0
0 228 1.0
0 240 1.0
0 278 1.0
0 84 1.0
0 281 1.0
0 283 1.0
0 266 1.0
0 33 1.0
0 9 1.0
0 376 1.0
0 374 1.0
0 375 1.0
0 388 1.0
0 387 1.0
0 391 1.0
0 35 1.0
0 40 1.0
0 42 1.0
0 256 1.0
0 265 1.0
0 26 1.0
0 254 1.0
0 29 1.0
0 264 1.0
0 30 1.0
0 284 1.0
0 49 1.0
0 48 1.0
0 222 1.0
0 1 1.0
0 382 1.0
0 34 1.0
0 56 1.0
0 219 1.0
0 45 1.0
0 108 1.0
0 63 1.0
0 119 1.0
0 199 1.0
0 85 1.0
0 96 1.0
0 209 1.0
0 23 1.0
0 12 1.0
0 105 1.0
0 92 1.0
0 110 1.0
0 109 1.0
0 112 1.0
0 106 1.0
0 91 1.0
0 111 1.0
0 113 1.0
0 168 1.0
0 167 1.0
0 170 1.0
0 166 1.0
0 175 1.0
0 176 1.0
0 162 1.0
0 154 1.0
0 126 1.0
0 177 1.0
0 163 1.0
0 174 1.0
0 172 1.0
0 171 1.0
0 195 1.0
0 339 1.0
0 201 1.0
0 196 1.0
0 197 1.0
0 200 1.0
0 194 1.0
0 193 1.0
0 198 1.0
0 203 1.0
0 202 1.0
0 205 1.0
0 204 1.0
0 156 1.0
0 155 1.0
0 132 1.0
0 118 1.0
0 128 1.0
0 157 1.0
0 115 1.0
0 220 1.0
0 130 1.0
0 133 1.0
0 131 1.0
0 94 1.0
0 104 1.0
0 98 1.0
0 93 1.0
0 103 1.0
0 97 1.0
0 102 1.0
0 99 1.0
0 101 1.0
0 95 1.0
0 100 1.0
0 179 1.0
0 159 1.0
0 127 1.0
0 178 1.0
0 181 1.0
0 182 1.0
0 183 1.0
0 184 1.0
0 169 1.0
0 139 1.0
0 129 1.0
0 161 1.0
0 74 1.0
0 180 1.0
0 189 1.0
0 150 1.0
0 148 1.0
0 274 1.0
0 152 1.0
0 149 1.0
0 285 1.0
0 263 1.0
0 114 1.0
0 252 1.0
0 153 1.0
0 151 1.0
0 120 1.0
0 122 1.0
0 123 1.0
0 125 1.0
0 124 1.0
0 117 1.0
0 116 1.0
0 165 1.0
0 158 1.0
0 164 1.0
0 160 1.0
0 43 1.0
0 348 1.0
0 389 1.0
107 223 1.0
107 372 1.225
107 230 1.4921875
107 360 1.012857142857143
107 318 1.3288461538461538
107 14 1.0750000000000002
107 18 1.0
107 364 1.05
107 8 1.0
107 371 1.5203125
107 7 1.0
107 286 1.234
107 340 1.8234042553191487
107 27 1.0
107 373 1.0
107 13 1.3705882352941177
107 390 1.0
107 335 1.0
107 21 1.0
107 51 1.0
107 47 1.0
107 370 1.0
107 32 1.0
107 357 1.0
107 37 1.675
107 38 1.0
107 44 1.0
107 337 1.0
107 260 1.0
107 20 1.0
107 25 1.0
107 231 1.4500000000000002
107 173 1.0642857142857145
107 24 1.0
107 19 1.0
107 22 1.0
107 226 1.0
107 60 1.0
107 229 1.0
107 300 1.0
107 75 1.0
107 73 1.0
107 76 1.0
107 15 1.0
107 250 1.0
107 16 1.0
107 325 1.0
107 377 1.0
107 62 1.0
107 232 1.0
107 326 1.0
107 244 1.0
107 384 2.125
107 28 1.0
107 323 1.0
107 327 1.0
107 271 1.0
107 39 5.114285714285714
107 61 1.0
107 237 1.9000000000000004
107 68 1.0
107 70 1.0
107 64 1.0
107 65 1.0
107 67 1.0
107 69 1.0
107 52 1.0
107 269 1.0
107 54 1.0
107 53 1.0
107 55 1.0
107 311 1.9000000000000004
107 246 1.0
107 306 1.450000000000001
107 268 1.0
107 350 1.0
107 352 1.0
107 247 1.0
107 248 1.0
107 383 3.4
107 275 2.3500000000000005
107 314 1.0
107 235 1.0
107 242 1.0
107 72 1.0
107 294 1.0
107 245 1.0
107 253 1.0
107 295 1.0
107 71 1.0
107 257 1.0
107 298 1.0
107 258 1.0
107 302 1.0
107 80 1.0
107 227 1.0
107 234 1.0
107 236 1.0
107 238 1.0
107 241 1.0
107 276 1.0
107 243 1.0
107 336 1.0
107 251 1.0
107 299 1.0
107 255 1.0
107 262 1.0
107 282 1.0
107 380 1.0
107 381 2.35
107 361 1.0
107 239 2.3500000000000005
107 290 2.5749999999999997
107 46 1.0
107 249 1.0
107 41 1.0
107 88 1.0
107 83 1.0
107 81 1.0
107 267 1.0
107 225 1.0
107 86 1.0
107 259 1.0
107 87 1.0
107 224 1.0
107 270 1.0
107 291 1.0
107 228 1.0
107 240 1.0
107 278 1.0
107 84 1.0
107 281 1.0
107 283 1.0
107 82 1.0
107 266 1.0
107 33 1.0
107 9 1.0
107 358 1.0
107 376 1.0
107 374 3.25
107 375 1.0
107 35 1.0
107 40 1.0
107 42 1.0
107 256 1.0
107 26 1.0
107 254 1.0
107 29 1.0
107 264 1.0
107 30 1.0
107 284 1.0
107 222 1.0
107 212 1.0
107 206 1.0
107 207 1.0
107 263 1.0
107 210 1.0
107 208 1.0
107 211 1.0
107 1 1.0
107 382 1.0
107 34 1.0
107 56 1.0
107 219 1.0
107 45 1.0
107 108 1.0
107 63 1.0
107 119 1.0
107 199 1.0
107 85 1.0
107 96 1.0
107 209 1.0
107 23 1.0
107 12 1.0
107 105 1.0
107 92 1.0
107 110 1.0
107 109 1.0
107 112 1.0
107 106 1.0
107 91 1.0
107 111 1.0
107 113 1.0
107 191 1.0
107 200 1.0
107 218 1.0
107 217 1.0
107 185 1.0
107 168 1.0
107 167 1.0
107 170 1.0
107 166 1.0
107 175 1.0
107 176 1.0
107 162 1.0
107 154 1.0
107 126 1.0
107 177 1.0
107 163 1.0
107 174 1.0
107 172 1.0
107 171 1.0
107 195 1.0
107 339 1.0
107 201 1.0
107 196 1.0
107 197 1.0
107 194 1.0
107 193 1.0
107 198 1.0
107 203 1.0
107 202 1.0
107 205 1.0
107 204 1.0
107 156 1.0
107 155 1.0
107 132 1.0
107 118 1.0
107 128 1.0
107 157 1.0
107 115 1.0
107 220 1.0
107 130 1.0
107 133 1.0
107 131 1.0
107 94 1.0
107 104 1.0
107 98 1.0
107 93 1.0
107 103 1.0
107 97 1.0
107 102 1.0
107 99 1.0
107 101 1.0
107 95 1.0
107 100 1.0
107 179 1.0
107 159 1.0
107 127 1.0
107 178 1.0
107 181 1.0
107 182 1.0
107 183 1.0
107 184 1.0
107 169 1.0
107 139 1.0
107 129 1.0
107 161 1.0
107 74 1.0
107 180 1.0
107 189 1.0
107 150 1.0
107 135 1.0
107 142 1.0
107 140 1.0
107 143 1.0
107 138 1.0
107 146 1.0
107 137 1.0
107 134 1.0
107 117 1.0
107 136 1.0
107 144 1.0
107 141 1.0
107 147 1.0
107 148 1.0
107 274 1.0
107 152 1.0
107 149 1.0
107 285 1.0
107 114 1.0
107 252 1.0
107 153 1.0
107 151 1.0
107 120 1.0
107 122 1.0
107 123 1.0
107 125 1.0
107 124 1.0
107 116 1.0
107 165 1.0
107 158 1.0
107 164 1.0
107 160 1.0
107 190 1.0
107 186 1.0
107 188 1.0
107 187 1.0
107 192 1.0
107 214 1.0
107 213 1.0
107 215 1.0
107 216 1.0
107 296 5.0
318 223 1.0
318 372 1.1800000000000002
318 230 1.5850000000000002
318 360 1.0
318 14 1.0
318 18 1.0
318 364 1.0
318 8 1.0
318 371 1.405
318 7 1.0
318 286 1.0920454545454545
318 340 2.3499999999999996
318 27 1.0
318 373 1.0
318 13 2.125
318 390 1.0
318 335 1.4026315789473685
318 21 1.0
318 51 1.0
318 47 1.1500000000000004
318 370 3.25
318 32 2.125
318 357 1.0
318 37 4.5249999999999995
318 38 1.0
318 44 1.1125000000000003
318 337 1.0
318 260 1.0
318 20 1.6750000000000003
318 231 1.0
318 173 1.0
318 24 1.0
318 19 1.0
318 22 1.0
318 25 1.0
318 226 1.0
318 60 1.0
318 229 1.0
318 300 1.0
318 75 1.0
318 73 1.0
318 76 1.0
318 15 1.0
318 325 1.0
318 377 1.0
318 62 1.0
318 232 1.0
318 326 1.0
318 244 1.0
318 384 2.125
318 28 1.0
318 323 1.0
318 327 1.0
318 16 1.0
318 271 1.0
318 39 3.16
318 61 1.0
318 237 1.0
318 68 1.0
318 70 1.0
318 64 1.0
318 65 1.0
318 52 1.0
318 269 1.0
318 54 1.45
318 53 1.0
318 55 1.0
318 311 1.0
318 246 1.0
318 306 1.0
318 268 1.0
318 350 1.0
318 352 1.0
318 69 1.0
318 247 1.0
318 248 1.0
318 383 3.4
318 314 1.0
318 235 1.0
318 242 1.0
318 72 1.0
318 294 1.0
318 245 1.0
318 253 1.0
318 295 1.0
318 71 1.0
318 257 1.0
318 298 1.0
318 258 1.0
318 302 1.0
318 80 1.0
318 227 1.0
318 234 1.0
318 236 1.0
318 238 1.0
318 241 1.5625
318 276 1.0
318 243 1.0
318 336 1.0
318 251 1.0
318 299 2.125
318 255 1.0
318 262 1.0
318 282 1.0
318 380 1.0
318 239 2.3500000000000005
318 381 3.7
318 290 3.475
318 46 1.6750000000000003
318 249 1.0
318 41 1.9
318 30 1.0
318 88 1.0
318 83 1.0
318 81 1.0
318 267 1.0
318 225 1.0
318 86 1.0
318 259 1.0
318 87 1.0
318 82 1.0
318 224 1.0
318 270 1.0
318 291 1.0
318 228 1.0
318 240 1.0
318 278 1.0
318 84 1.0
318 281 1.0
318 283 1.0
318 266 1.0
318 9 1.0
318 358 1.0
318 33 1.0
318 35 1.0
318 40 1.0
318 42 1.0
318 256 1.0
318 26 1.0
318 254 1.0
318 29 1.0
318 264 1.0
318 250 1.0
318 284 1.0
318 362 1.0
318 365 1.0
318 363 1.0
318 222 1.0
318 212 1.0
318 206 1.0
318 207 1.0
318 263 1.0
318 210 1.0
318 208 1.0
318 211 1.0
318 168 1.0
318 167 1.0
318 170 1.0
318 166 1.0
318 175 1.0
318 176 1.0
318 162 1.0
318 154 1.0
318 126 1.0
318 177 1.0
318 163 1.0
318 174 1.0
318 172 1.0
318 171 1.0
318 195 1.0
318 339 1.0
318 201 1.0
318 196 1.0
318 197 1.0
318 200 1.0
318 194 1.0
318 193 1.0
318 198 1.0
318 203 1.0
318 202 1.0
318 205 1.0
318 204 1.0
318 135 1.0
318 142 1.0
318 140 1.0
318 143 1.0
318 138 1.0
318 146 1.0
318 137 1.0
318 134 1.0
318 117 1.0
318 136 1.0
318 144 1.0
318 141 1.0
318 147 1.0
318 148 1.0
318 274 1.0
318 152 1.0
318 382 1.0
318 149 1.0
318 285 1.0
318 114 1.0
318 252 1.0
318 153 1.0
318 151 1.0
318 120 1.0
318 132 1.0
318 122 1.0
318 118 1.0
318 123 1.0
318 127 1.0
318 115 1.0
318 125 1.0
318 124 1.0
318 116 1.0
340 223 1.0
340 372 2.8642857142857143
340 230 3.413636363636364
340 360 1.1554545454545455
340 14 1.2249999999999999
340 18 1.0794117647058825
340 364 1.25
340 8 1.0
340 371 3.3741379310344826
340 7 1.0
340 286 2.7276785714285716
340 27 1.0
340 373 1.2647058823529411
340 13 5.95
340 390 1.0
340 335 2.35
340 21 1.15
340 51 1.0
340 47 1.45
340 370 5.2
340 32 3.4749999999999996
340 357 1.0
340 37 6.7749999999999995
340 38 1.0
340 44 1.45
340 337 1.0
340 260 1.0
340 20 1.675
340 24 4.6000000000000005
340 19 1.0
340 22 1.0
340 25 1.75
340 226 1.0
340 60 1.0
340 229 1.0
340 300 1.0
340 75 1.0
340 73 1.0
340 76 1.0
340 15 1.2249999999999999
340 250 2.35
340 16 1.675
340 325 2.125
340 377 1.0
340 62 1.0
340 232 1.2249999999999996
340 326 1.0
340 244 1.0
340 384 2.5749999999999997
340 28 1.0
340 323 1.0
340 327 1.0
340 173 1.3375000000000001
340 231 2.8
340 39 5.33125
340 61 1.0
340 237 1.0
340 68 1.0
340 70 1.0
340 64 1.0
340 65 1.0
340 329 1.0
340 330 1.0
340 52 1.0
340 269 1.0
340 54 2.0125
340 53 1.0
340 55 1.0
340 311 1.0
340 246 1.0
340 306 1.0
340 268 1.0
340 350 1.0
340 352 1.0
340 69 1.0
340 247 1.0
340 248 1.0
340 383 4.0
340 275 1.0
340 314 1.0
340 235 1.0
340 242 1.0
340 72 1.0
340 294 1.0
340 245 1.0
340 253 1.0
340 295 1.0
340 71 1.0
340 257 1.0
340 298 1.0
340 258 1.0
340 302 1.0
340 80 1.0
340 227 1.0
340 234 1.0
340 236 1.0
340 238 1.0
340 241 2.0125
340 276 1.0
340 243 1.0
340 336 3.4
340 251 1.0
340 299 1.6750000000000003
340 255 1.0
340 262 1.0
340 282 1.0
340 380 1.0
340 239 3.25
340 381 4.6000000000000005
340 290 4.15
340 46 2.05
340 249 1.0
340 41 2.5749999999999997
340 358 1.0
340 30 1.0
340 202 1.0
340 288 1.0
340 88 1.0
340 83 2.125
340 81 1.0
340 267 1.0
340 225 1.0
340 86 1.0
340 259 1.0
340 87 1.0
340 351 1.0
340 82 2.125
340 224 1.0
340 270 1.0
340 291 1.0
340 228 1.0
340 240 1.0
340 278 1.0
340 84 1.0
340 281 1.0
340 283 1.0
340 266 1.0
340 391 1.0
340 315 1.0
340 40 1.0
340 42 1.0
340 256 1.0
340 265 4.1499999999999995
340 26 1.4499999999999993
340 254 1.0
340 29 2.3499999999999996
340 264 1.0
340 284 5.05
340 362 1.0
340 365 1.0
340 363 1.0
340 366 1.0
340 222 1.0
340 105 1.0
340 108 1.0
340 92 1.0
340 110 1.0
340 109 1.0
340 112 1.0
340 106 1.0
340 91 1.0
340 111 1.0
340 113 1.0
360 223 1.0
360 372 1.0
360 230 1.0
360 14 1.0
360 18 1.0
360 364 1.0
360 8 1.0
360 371 1.0
360 7 1.0
360 286 1.131896551724138
360 27 1.0
360 373 1.0
360 13 1.0
360 390 1.0
360 335 1.0
360 21 1.0
360 51 1.0
360 47 1.0
360 370 1.0
360 32 1.0
360 357 1.0
360 37 1.2999999999999998
360 38 1.0
360 44 1.0
360 337 1.0
360 260 1.0
360 20 1.0
360 25 1.0
360 231 1.0
360 173 1.0
360 24 1.0
360 19 1.0
360 22 1.0
360 226 1.0
360 60 1.0
360 229 1.0
360 300 1.0
360 75 1.0
360 73 1.0
360 76 1.0
360 15 1.0
360 250 1.0
360 16 1.0
360 325 1.0
360 377 1.0
360 62 1.0
360 232 1.0
360 326 1.0
360 244 1.0
360 384 1.0
360 28 1.0
360 323 1.0
360 327 1.0
360 39 1.61875
360 61 1.0
360 237 1.0
360 68 1.0
360 70 1.0
360 64 1.0
360 65 1.0
360 329 1.0
360 67 1.9000000000000004
360 69 1.0
360 330 1.0
360 350 1.0
360 352 1.0
360 247 1.0
360 248 1.0
360 383 1.0
360 275 1.0
360 314 1.0
360 235 1.0
360 242 1.0
360 72 1.0
360 294 1.0
360 245 1.0
360 253 1.0
360 295 1.0
360 71 1.0
360 257 1.0
360 298 1.0
360 258 1.0
360 302 1.0
360 80 1.0
360 227 1.0
360 54 1.0
360 234 1.0
360 236 1.0
360 238 1.0
360 241 1.0
360 276 1.0
360 243 1.0
360 336 1.0
360 251 1.0
360 299 1.0
360 255 1.0
360 262 1.0
360 282 1.0
360 380 1.0
360 381 1.0
360 361 1.0
360 239 1.0
360 290 1.0
360 46 1.0
360 249 1.0
360 41 1.0
360 358 1.0
360 202 1.0
360 288 1.0
360 385 1.0
360 88 1.0
360 83 1.0
360 81 1.0
360 267 1.0
360 225 1.0
360 86 1.0
360 259 1.0
360 87 1.0
360 351 1.0
360 82 1.0
360 224 1.0
360 270 1.0
360 291 1.0
360 228 1.0
360 240 1.0
360 278 1.0
360 84 1.0
360 281 1.0
360 283 1.0
360 266 1.0
360 33 1.0
360 9 1.0
360 376 1.0
360 374 1.0
360 375 1.0
360 391 1.0
360 35 1.0
360 40 1.0
360 42 1.0
360 256 1.0
360 265 3.6999999999999993
360 26 1.0
360 254 1.0
360 29 1.0
360 264 1.0
360 30 1.0
360 284 1.0
360 386 1.0
360 362 1.0
360 365 1.0
360 363 1.0
360 366 1.0
360 222 1.0
360 212 1.0
360 206 1.0
360 207 1.0
360 263 1.0
360 210 1.0
360 208 1.0
360 211 1.0
360 191 1.0
360 200 1.0
360 218 1.0
360 217 1.0
360 185 1.0
360 168 1.0
360 167 1.0
360 170 1.0
360 166 1.0
360 175 1.0
360 176 1.0
360 162 1.0
360 154 1.0
360 126 1.0
360 177 1.0
360 163 1.0
360 174 1.0
360 172 1.0
360 171 1.0
360 195 1.0
360 339 1.0
360 201 1.0
360 196 1.0
360 197 1.0
360 194 1.0
360 193 1.0
360 198 1.0
360 203 1.0
360 205 1.0
360 204 1.0
360 156 1.0
360 155 1.0
360 132 1.0
360 118 1.0
360 128 1.0
360 157 1.0
360 115 1.0
360 220 1.0
360 130 1.0
360 133 1.0
360 131 1.0
360 94 1.0
360 104 1.0
360 92 1.0
360 98 1.0
360 93 1.0
360 103 1.0
360 97 1.0
360 102 1.0
360 99 1.0
360 101 1.0
360 95 1.0
360 91 1.0
360 100 1.0
360 179 1.0
360 159 1.0
360 127 1.0
360 178 1.0
360 181 1.0
360 182 1.0
360 183 1.0
360 184 1.0
360 135 1.0
360 142 1.0
360 140 1.0
360 143 1.0
360 138 1.0
360 146 1.0
360 137 1.0
360 134 1.0
360 117 1.0
360 136 1.0
360 144 1.0
360 141 1.0
360 147 1.0
360 148 1.0
360 274 1.0
360 152 1.0
360 382 1.0
360 149 1.0
360 285 1.0
360 114 1.0
360 252 1.0
360 153 1.0
360 151 1.0
360 120 1.0
360 122 1.0
360 123 1.0
360 125 1.0
360 124 1.0
360 116 1.0
360 165 1.0
360 158 1.0
360 164 1.0
360 160 1.0
360 190 1.0
360 186 1.0
360 188 1.0
360 187 1.0
360 192 1.0
360 214 1.0
360 213 1.0
360 215 1.0
360 216 1.0
360 43 1.0
360 348 1.0
360 389 1.0
371 223 1.0
371 372 5.8
371 230 4.357692307692308
371 14 1.0
371 18 1.0
371 364 1.0
371 8 1.0
371 7 1.0
371 286 1.7442307692307695
371 27 1.0
371 373 1.0
371 13 6.657142857142858
371 390 1.4500000000000002
371 335 3.659090909090909
371 51 1.0
371 47 1.0
371 370 7.1499999999999995
371 32 2.65
371 357 1.0
371 37 8.875
371 38 1.0
371 21 1.7200000000000002
371 44 1.0
371 337 1.0
371 260 1.0
371 20 1.6750000000000003
371 25 2.05
371 226 1.0
371 60 1.0
371 229 1.0
371 300 1.0
371 75 1.0
371 73 1.0
371 76 1.0
371 15 1.0
371 325 4.1499999999999995
371 19 1.0
371 16 1.9000000000000004
371 173 3.25
371 39 8.65
371 62 1.7875
371 61 1.0
371 237 4.1499999999999995
371 68 1.0
371 70 1.0
371 64 1.0
371 65 1.4500000000000002
371 52 1.0
371 269 1.0
371 54 1.0
371 53 1.0
371 55 1.0
371 311 1.0
371 246 1.0
371 306 1.0
371 268 1.0
371 350 1.0
371 352 1.0
371 69 3.7
371 247 1.2250000000000005
371 248 2.5749999999999997
371 383 3.25
371 314 1.0
371 235 1.0
371 242 1.0
371 72 1.0
371 294 1.0
371 245 1.0
371 253 1.0
371 295 1.0
371 71 1.0
371 257 1.0
371 298 1.0
371 258 1.0
371 302 1.0
371 80 1.0
371 227 1.0
371 234 1.0
371 236 1.0
371 238 1.0
371 241 1.0
371 276 1.0
371 243 1.0
371 336 1.2249999999999996
371 251 1.0
371 299 1.0
371 255 1.0
371 262 1.0
371 282 1.0
371 88 1.0
371 83 1.0
371 81 1.0
371 267 1.0
371 224 1.0
371 270 1.0
371 291 1.0
371 228 1.0
371 240 1.0
371 278 1.0
371 84 1.0
371 281 1.0
371 283 1.0
371 82 1.0
371 266 1.0
371 376 1.0
371 374 2.3500000000000005
371 375 1.0
371 26 1.0
371 22 1.0
371 254 1.0
371 29 1.0
371 264 1.0
371 362 1.0
371 365 1.0
371 363 1.0
371 366 1.0
371 222 1.0
371 212 1.0
371 206 1.0
371 207 1.0
371 263 1.0
371 210 1.0
371 208 1.0
371 211 1.0
371 105 1.0
371 108 1.0
371 92 1.0
371 110 1.0
371 109 1.0
371 112 1.0
371 106 1.0
371 91 1.0
371 111 1.0
371 113 1.0
371 135 1.0
371 142 1.0
371 140 1.0
371 143 1.0
371 138 1.0
371 146 1.0
371 137 1.0
371 134 1.0
371 117 1.0
371 136 1.0
371 144 1.0
371 141 1.0
371 147 1.0
371 148 1.0
371 274 1.0
371 152 1.0
371 382 1.0
371 149 1.0
371 285 1.0
371 114 1.0
371 252 1.0
371 153 1.0
371 151 1.0
382 1 1.0
382 34 1.0
382 56 1.0
382 219 1.0
382 45 1.0
382 108 1.0
382 63 1.0
382 119 1.0
382 199 1.0
382 85 1.0
382 96 1.0
382 209 1.0
382 148 1.0
382 274 1.0
382 152 1.0
382 149 1.0
382 285 1.0
382 263 1.0
382 114 1.0
382 252 1.0
382 153 1.0
382 151 1.0
1 34 1.0
1 56 1.0
1 219 1.0
1 45 1.0
1 108 1.0
1 63 1.0
1 119 1.0
1 199 1.0
1 85 1.0
1 96 1.0
1 209 1.0
1 23 1.0
1 12 1.0
12 23 1.0
34 56 1.0
34 219 1.0
34 45 1.0
45 56 1.0
45 219 1.0
56 219 1.0
63 108 1.0
63 119 1.0
63 199 1.0
63 85 1.0
63 96 1.0
63 209 1.0
74 169 1.0
74 139 1.0
74 13 1.0
74 129 1.0
74 161 1.0
74 180 1.0
74 189 1.0
74 150 1.0
85 108 1.0
85 119 1.0
85 199 1.0
85 96 1.0
85 209 1.0
96 108 1.0
96 119 1.0
96 199 1.0
96 209 1.0
108 119 1.0
108 199 1.0
108 209 1.0
108 105 1.0
108 92 1.0
108 110 1.0
108 13 1.0
108 109 1.0
108 112 1.0
108 106 1.0
108 91 1.0
108 111 1.0
108 113 1.0
119 199 1.0
119 209 1.0
129 169 1.0
129 139 1.0
129 13 1.0
129 161 1.0
129 180 1.0
129 189 1.0
129 150 1.0
139 169 1.0
139 13 1.0
139 161 1.0
139 180 1.0
139 189 1.0
139 150 1.0
150 169 1.0
150 13 1.0
150 161 1.0
150 180 1.0
150 189 1.0
161 169 1.0
161 13 1.0
161 180 1.0
161 189 1.0
169 13 1.0
169 180 1.0
169 189 1.0
180 13 1.0
180 189 1.0
189 13 1.0
199 209 1.0
230 223 1.0
230 372 3.85
230 14 1.0
230 18 1.0
230 364 1.1
230 8 1.0
230 7 1.0
230 286 1.2543478260869565
230 27 1.0
230 373 1.0
230 13 4.3428571428571425
230 390 1.2571428571428573
230 335 2.7590909090909093
230 51 1.2249999999999999
230 47 1.0
230 370 2.9799999999999995
230 32 2.5749999999999997
230 357 1.0
230 37 2.8000000000000003
230 38 1.0
230 21 1.0
230 44 1.0
230 337 1.0
230 260 1.0
230 20 1.0
230 15 1.0
230 325 1.0
230 377 1.0
230 62 1.0899999999999999
230 232 1.0
230 326 1.0
230 244 1.0
230 384 1.0
230 28 1.0
230 323 1.0
230 327 1.0
230 25 1.0
230 19 1.0
230 16 1.0
230 173 1.0
230 39 3.4749999999999996
230 60 1.0
230 61 1.0
230 75 1.0
230 237 3.25
230 68 1.0
230 70 1.0
230 67 1.0
230 69 1.0
230 52 1.0
230 269 1.0
230 54 1.0
230 53 1.0
230 55 1.0
230 311 1.0
230 246 1.0
230 306 1.0
230 268 1.0
230 64 1.0
230 247 1.0
230 248 1.0
230 383 1.9000000000000001
230 275 1.0
230 314 1.0
230 235 1.0
230 242 1.0
230 72 1.0
230 294 1.0
230 245 1.0
230 65 1.0
230 253 1.0
230 295 1.0
230 71 1.0
230 257 1.0
230 298 1.0
230 258 1.0
230 302 1.0
230 350 1.0
230 80 1.0
230 227 1.0
230 234 1.0
230 236 1.0
230 238 1.0
230 241 2.8
230 276 5.05
230 243 3.25
230 336 1.0
230 251 1.0
230 299 2.8
230 255 1.0
230 262 1.0
230 282 4.6000000000000005
230 380 1.0
230 239 1.0
230 381 1.0
230 290 4.6000000000000005
230 46 1.0
230 249 1.0
230 41 1.450000000000001
230 358 1.0
230 202 1.0
230 288 1.0
230 9 1.0
230 388 1.0
230 387 1.0
230 391 1.0
230 315 1.0
230 385 1.0
230 386 1.0
230 348 1.0
230 168 1.0
230 167 1.0
230 170 1.0
230 166 1.0
230 175 1.0
230 176 1.0
230 162 1.0
230 154 1.0
230 126 1.0
230 177 1.0
230 163 1.0
230 174 1.0
230 172 1.0
230 171 1.0
230 195 1.0
230 339 1.0
230 201 1.0
230 196 1.0
230 197 1.0
230 200 1.0
230 194 1.0
230 193 1.0
230 198 1.0
230 203 1.0
230 205 1.0
230 204 1.0
230 156 1.0
230 155 1.0
230 132 1.0
230 118 1.0
230 128 1.0
230 157 1.0
230 115 1.0
230 220 1.0
230 130 1.0
230 133 1.0
230 131 1.0
230 179 1.0
230 159 1.0
230 127 1.0
230 178 1.0
230 181 1.0
230 182 1.0
230 183 1.0
230 184 1.0
230 135 1.0
230 142 1.0
230 140 1.0
230 143 1.0
230 138 1.0
230 146 1.0
230 137 1.0
230 134 1.0
230 117 1.0
230 136 1.0
230 144 1.0
230 141 1.0
230 147 1.0
230 165 1.0
230 158 1.0
230 164 1.0
230 160 1.0
230 190 1.0
230 186 1.0
230 191 1.0
230 188 1.0
230 187 1.0
230 192 1.0
230 214 1.0
230 213 1.0
230 215 1.0
230 216 1.0
230 43 1.0
230 389 1.0
241 51 1.0
241 350 1.0
241 80 1.0
241 227 1.0
241 54 1.0
241 234 1.0
241 236 1.0
241 238 1.0
241 276 1.0
241 243 1.0
241 336 2.8
241 251 1.0
241 364 1.0
241 337 1.0
241 299 1.0
241 255 1.0
241 262 1.0
241 7 1.0
241 282 1.0
241 286 1.0
241 88 1.0
241 83 1.0
241 81 1.0
241 267 1.0
241 224 1.0
241 270 1.0
241 291 1.0
241 228 1.0
241 240 1.0
241 278 1.0
241 84 1.0
241 281 1.0
241 283 1.0
241 82 1.0
241 266 1.0
252 148 1.0
252 274 1.0
252 152 1.0
252 149 1.0
252 285 1.0
252 263 1.0
252 114 1.0
252 153 1.0
252 151 1.0
263 212 1.0
263 206 1.0
263 207 1.0
263 210 1.0
263 208 1.0
263 211 1.0
263 148 1.0
263 274 1.0
263 152 1.0
263 149 1.0
263 285 1.0
263 114 1.0
263 153 1.0
263 151 1.0
274 148 1.0
274 152 1.0
274 149 1.0
274 285 1.0
274 114 1.0
274 153 1.0
274 151 1.0
285 148 1.0
285 152 1.0
285 149 1.0
285 114 1.0
285 153 1.0
285 151 1.0
296 307 5.0
307 319 5.0
319 332 5.0
332 333 5.0
333 334 5.0
334 338 5.0
335 223 1.0
335 27 1.0
335 372 3.85
335 373 1.0
335 13 3.9699999999999998
335 390 1.45
335 14 1.0
335 18 1.0
335 364 1.1124999999999998
335 8 1.0
335 7 1.0
335 286 1.0
335 51 1.0
335 47 1.0
335 370 3.5875
335 32 3.025
335 357 1.0
335 37 2.44
335 38 1.0
335 21 1.3375
335 44 1.0
335 337 1.0
335 260 1.0
335 20 1.3375000000000001
335 226 1.0
335 60 1.0
335 229 1.0
335 300 1.0
335 75 1.0
335 73 1.0
335 76 1.0
335 15 1.0
335 19 1.0
335 250 1.0
335 16 1.0
335 325 1.0
335 377 1.0
335 62 1.0
335 232 1.0
335 326 1.0
335 244 1.0
335 384 1.0
335 28 1.0
335 323 1.0
335 327 1.0
335 25 1.0
335 173 1.0
335 271 1.0
335 231 1.0
335 39 1.0
335 61 1.0
335 237 1.0
335 68 1.0
335 70 1.0
335 64 1.0
335 65 1.0
335 69 1.0
335 247 1.0
335 248 1.0
335 383 1.0
335 380 1.0
335 381 1.0
335 361 1.0
335 239 1.0
335 290 1.0
335 46 1.0
335 249 1.0
335 41 1.0
335 26 1.0
335 22 1.0
335 254 1.0
335 29 1.0
335 264 1.0
336 51 1.0
336 350 1.0
336 80 1.0
336 227 1.4500000000000002
336 54 3.025
336 234 1.0
336 236 1.0
336 238 1.0
336 276 1.0
336 243 1.0
336 251 1.0
336 364 1.0
336 337 1.0
336 299 1.0
336 255 1.0
336 262 1.0
336 7 1.0
336 282 1.0
336 286 1.0
336 88 1.0
336 83 4.1499999999999995
336 81 1.0
336 267 1.4499999999999993
336 225 1.0
336 64 1.0
336 86 1.0
336 259 1.0
336 87 1.0
337 27 1.0
337 51 1.0
337 372 1.0
337 373 1.0
337 47 1.0
337 370 1.0
337 32 1.0
337 357 1.0
337 37 1.0
337 13 1.0
337 38 1.0
337 21 1.0
337 14 1.0
337 18 1.0
337 44 1.0
337 8 1.0
337 260 1.0
337 7 1.0
337 20 1.0
337 286 1.0
337 226 1.0
337 60 1.0
337 229 1.0
337 300 1.0
337 75 1.0
337 73 1.0
337 76 1.0
337 232 1.0
337 39 1.1500000000000001
337 62 1.0
337 61 1.0
337 237 1.0
337 68 1.0
337 364 1.0
337 70 1.0
337 64 1.0
337 65 1.0
337 329 1.0
337 67 1.0
337 69 1.0
337 330 1.0
337 52 1.0
337 269 1.0
337 54 1.0
337 53 1.0
337 55 1.0
337 311 1.0
337 246 1.0
337 306 1.0
337 268 1.0
337 350 1.0
337 352 1.0
337 247 1.0
337 248 1.0
337 383 1.0
337 275 1.0
337 314 1.0
337 235 1.0
337 242 1.0
337 72 1.0
337 294 1.0
337 245 1.0
337 253 1.0
337 295 1.0
337 71 1.0
337 257 1.0
337 298 1.0
337 258 1.0
337 302 1.0
337 77 1.0
337 80 1.0
337 227 1.0
337 234 1.0
337 236 1.0
337 238 1.0
337 276 1.0
337 243 1.0
337 251 1.0
337 299 1.0
337 255 1.0
337 262 1.0
337 282 1.0
337 191 1.0
337 200 1.0
337 218 1.0
337 217 1.0
337 208 1.0
337 185 1.0
338 341 5.0
339 195 1.0
339 170 1.0
339 13 1.0
339 201 1.0
339 390 1.0
339 196 1.0
339 197 1.0
339 200 1.0
339 194 1.0
339 193 1.0
339 198 1.0
339 203 1.0
339 202 1.0
339 205 1.0
339 204 1.0
341 342 5.0
342 343 5.0
343 344 5.0
344 345 5.0
345 346 5.0
346 347 5.0
347 349 5.0
348 390 1.0
348 43 1.0
348 389 1.0
348 391 1.0
349 353 5.0
350 51 1.0
350 39 1.0
350 352 1.0
350 286 1.0
350 80 1.0
350 227 1.0
350 54 1.0
350 234 1.0
350 236 1.0
350 238 1.0
350 276 1.0
350 243 1.0
350 251 1.0
350 364 1.0
350 299 1.0
350 255 1.0
350 262 1.0
350 7 1.0
350 282 1.0
350 351 1.0
351 352 1.0
351 286 1.0
352 51 1.0
352 39 1.0
352 286 1.0
353 354 5.0
354 355 5.0
355 356 5.0
356 359 5.0
357 27 1.0
357 51 1.0
357 372 1.0
357 373 1.0
357 47 1.0
357 370 1.0
357 32 1.0
357 37 1.0
357 13 1.0
357 38 1.0
357 21 1.0
357 14 1.0
357 18 1.0
357 44 1.0
357 8 1.0
357 260 1.0
357 7 1.0
357 20 1.0
357 286 1.0
357 358 1.0
357 30 1.0
357 202 1.0
357 288 1.0
358 372 1.0
358 7 1.0
358 286 1.0
358 202 1.0
358 288 1.0
358 373 1.0
358 9 1.0
358 364 1.0
358 14 1.0
358 8 1.0
359 367 5.0
361 380 1.0
361 62 1.0
361 381 1.0
361 44 1.0
361 25 1.0
362 365 1.0
362 363 1.0
362 364 1.0
362 286 1.0
362 366 1.0
363 365 1.0
363 364 1.0
363 286 1.0
364 223 1.0
364 372 1.4500000000000002
364 14 1.0
364 18 1.0
364 8 1.0
364 7 1.0
364 286 1.0
364 27 1.0
364 373 1.0
364 13 1.4499999999999993
364 390 1.0
364 51 1.0
364 39 1.0
364 60 1.0
364 62 1.0
364 61 1.0
364 75 1.0
364 237 1.0
364 68 1.0
364 260 1.0
364 70 1.0
364 69 1.0
364 64 1.0
364 247 1.0
364 248 1.0
364 383 1.0
364 80 1.0
364 227 1.0
364 54 1.0
364 234 1.0
364 236 1.0
364 238 1.0
364 276 1.0
364 243 1.0
364 251 1.0
364 299 1.0
364 255 1.0
364 262 1.0
364 282 1.0
364 9 1.0
364 365 1.0
365 286 1.0
365 366 1.0
366 286 1.0
367 368 5.0
368 369 5.0
369 378 5.0
370 27 1.0
370 51 1.0
370 372 1.0
370 373 1.0
370 47 1.0
370 32 1.9
370 37 5.5
370 13 5.6125
370 38 1.0
370 21 1.0
370 14 1.0
370 18 1.0
370 44 1.0
370 8 1.0
370 260 1.0
370 7 1.0
370 20 1.1800000000000002
370 286 1.0
370 15 1.0
370 325 1.6749999999999998
370 377 1.0
370 62 1.0
370 232 1.0
370 326 1.0
370 244 1.0
370 384 1.0
370 28 1.0
370 323 1.0
370 327 1.0
370 25 1.6749999999999998
370 19 1.0
370 16 1.0
370 173 1.450000000000001
372 223 1.0
372 14 1.0
372 18 1.0
372 8 1.0
372 7 1.0
372 286 1.0
372 27 1.0
372 373 1.0
372 13 5.275
372 390 2.8
372 51 1.0
372 47 1.0
372 32 1.0
372 37 1.0
372 38 1.0
372 21 1.0
372 44 1.0
372 260 1.0
372 20 1.0
372 380 1.0
372 62 1.0
372 239 1.0
372 381 1.0
372 384 1.0
372 383 1.9000000000000004
372 30 1.0
372 202 1.0
372 288 1.0
372 385 1.0
373 223 1.0
373 27 1.0
373 13 1.0
373 390 1.0
373 14 1.0
373 18 1.0
373 8 1.0
373 7 1.0
373 286 1.0
373 21 1.0
373 51 1.0
373 47 1.0
373 32 1.0
373 37 1.0
373 38 1.0
373 44 1.0
373 260 1.0
373 20 1.0
373 25 1.0
373 231 1.0
373 173 1.0
373 24 1.0
373 19 1.0
373 22 1.0
373 15 1.0
373 250 1.0
373 16 1.0
373 325 1.0
373 271 1.0
373 244 1.0
373 232 1.0
373 380 1.0
373 39 2.125
373 290 1.0
373 46 1.0
373 249 1.0
373 41 1.0
373 33 1.0
373 9 1.0
373 376 1.0
373 374 1.0
373 375 1.0
373 388 1.0
373 387 1.0
373 383 1.0
373 391 1.0
373 35 1.0
374 376 1.0
374 375 1.0
374 286 1.450000000000001
375 376 1.0
375 286 1.0
376 286 1.0
377 15 1.0
377 325 1.0
377 62 1.0
377 232 1.0
377 37 1.0
377 13 5.05
377 326 1.0
377 244 1.0
377 21 1.0
377 18 1.0
377 384 1.0
377 28 1.0
377 323 1.0
377 327 1.0
377 7 1.0
377 20 1.0
377 286 1.0
377 25 1.0
378 379 5.0
379 392 5.0
380 62 1.0
380 381 1.0
380 44 1.0
380 25 1.0
380 21 1.0
380 286 1.0
380 239 1.0
380 384 1.0
380 383 1.0
380 7 1.0
380 39 1.0
380 47 1.0
380 37 1.0
380 290 1.0
380 390 1.0
380 38 1.0
380 46 1.0
380 249 1.0
380 41 1.0
381 62 1.0
381 44 1.0
381 25 1.0
381 239 1.0
381 384 1.0
381 383 3.7
381 7 1.0
381 286 1.0
383 51 1.0
383 39 5.95
383 60 1.0
383 62 1.0
383 61 1.0
383 75 1.0
383 69 1.0
383 64 1.0
383 68 1.0
383 247 1.0
383 248 1.2249999999999996
383 260 1.0
383 70 1.0
383 286 1.0
383 314 1.0
383 235 1.0
383 242 1.0
383 72 1.0
383 294 1.0
383 245 1.0
383 65 1.0
383 253 1.0
383 295 1.0
383 71 1.0
383 257 1.0
383 298 1.0
383 258 1.0
383 302 1.0
383 239 2.3500000000000005
383 384 3.25
383 7 1.0
383 388 1.0
383 387 1.0
384 15 1.0
384 325 1.0
384 62 1.0
384 232 1.0
384 37 1.0
384 13 1.450000000000001
384 326 1.0
384 244 1.0
384 21 1.0
384 18 1.0
384 28 1.0
384 323 1.0
384 327 1.0
384 7 1.0
384 20 1.0
384 286 1.0
384 25 1.0
384 239 1.0
384 385 1.0
385 239 1.0
385 386 1.0
387 388 1.0
389 390 1.0
389 43 1.0
389 391 1.0
390 223 1.0
390 27 1.0
390 13 1.3375
390 14 1.0
390 18 1.0
390 8 1.0
390 7 1.0
390 286 1.0
390 21 1.0
390 39 1.0
390 47 1.0
390 37 1.0
390 290 1.0
390 38 1.0
390 46 1.0
390 249 1.0
390 44 1.0
390 41 1.0
390 195 1.0
390 170 1.0
390 201 1.0
390 196 1.0
390 197 1.0
390 200 1.0
390 194 1.0
390 193 1.0
390 198 1.0
390 203 1.0
390 202 1.0
390 205 1.0
390 204 1.0
390 156 1.0
390 155 1.0
390 132 1.0
390 118 1.0
390 128 1.0
390 157 1.0
390 115 1.0
390 154 1.0
390 220 1.0
390 130 1.0
390 133 1.0
390 131 1.0
390 214 1.0
390 213 1.0
390 215 1.0
390 216 1.0
390 43 1.0
390 391 1.0
391 39 1.0
391 21 1.0
391 46 1.0
391 286 1.0
391 43 1.0
392 2 5.0
2 3 5.0
3 4 5.0
4 5 5.0
5 6 5.0
6 10 5.0
7 223 1.0
7 14 1.0
7 18 1.0
7 8 1.0
7 286 1.0
7 27 1.0
7 13 1.0
7 21 1.0
7 51 1.0
7 47 1.0
7 32 1.0
7 37 1.0
7 38 1.0
7 44 1.0
7 260 1.0
7 20 1.0
7 231 1.0
7 173 1.0
7 15 1.0
7 325 1.0
7 62 1.0
7 232 1.0
7 326 1.0
7 244 1.0
7 28 1.0
7 323 1.0
7 327 1.0
7 25 1.0
7 19 1.0
7 16 1.0
7 80 1.0
7 227 1.0
7 54 1.0
7 234 1.0
7 236 1.0
7 238 1.0
7 276 1.0
7 243 1.0
7 251 1.0
7 299 1.0
7 255 1.0
7 262 1.0
7 282 1.0
7 239 1.0
7 9 1.0
8 223 1.0
8 14 1.0
8 18 1.0
8 286 1.0
8 27 1.0
8 13 1.0
8 51 1.0
8 47 1.0
8 32 1.0
8 37 1.0
8 38 1.0
8 21 1.0
8 44 1.0
8 260 1.0
8 20 1.0
8 25 1.0
8 24 1.0
8 19 1.0
8 22 1.0
8 26 1.0
10 11 5.0
11 17 5.0
13 223 1.0
13 27 1.0
13 14 1.0
13 18 1.0
13 286 1.9749999999999999
13 21 2.05
13 51 1.0
13 47 1.0
13 32 3.6999999999999997
13 37 7.3
13 38 1.0
13 44 1.0
13 260 1.0
13 20 1.45
13 15 1.0
13 19 1.0
13 250 1.0
13 16 1.1499999999999997
13 325 2.3499999999999996
13 62 1.0
13 232 1.0
13 326 1.0
13 244 1.4500000000000002
13 28 1.0
13 323 4.1499999999999995
13 327 1.0
13 25 2.3499999999999996
13 173 2.35
13 271 1.0
13 231 3.25
13 30 1.0
13 29 1.0
13 284 1.0
13 105 1.0
13 92 1.0
13 110 1.0
13 109 1.0
13 112 1.0
13 106 1.0
13 91 1.0
13 111 1.0
13 113 1.0
13 195 1.0
13 170 1.0
13 201 1.0
13 196 1.0
13 197 1.0
13 200 1.0
13 194 1.0
13 193 1.0
13 198 1.0
13 203 1.0
13 202 1.0
13 205 1.0
13 204 1.0
13 94 1.0
13 104 1.0
13 98 1.0
13 93 1.0
13 103 1.0
13 97 1.0
13 102 1.0
13 99 1.0
13 101 1.0
13 95 1.0
13 100 1.0
14 223 1.0
14 18 1.0
14 286 1.0214285714285714
14 27 1.0
14 21 1.0
14 51 1.0
14 47 1.0
14 32 1.0
14 37 1.0
14 38 1.0
14 44 1.0
14 260 1.0
14 20 1.0
14 25 1.0
14 231 1.0
14 173 1.0
14 15 1.0
14 19 1.0
14 250 1.0
14 16 1.0
14 325 1.0
14 244 1.0
14 26 1.0
14 22 1.0
14 254 1.0
14 29 1.0
14 264 1.0
15 21 1.0
15 19 1.0
15 18 1.0
15 250 1.0
15 16 1.0
15 20 1.0
15 286 1.0
15 325 1.0
15 62 1.0
15 232 1.0
15 37 1.0
15 326 1.0
15 244 1.0
15 28 1.0
15 323 1.0
15 327 1.0
15 25 1.0
15 173 1.0
15 271 1.0
15 231 1.0
16 21 1.0
16 19 1.0
16 18 1.0
16 250 1.0
16 20 1.0
16 286 1.675
16 325 1.0
16 37 1.4499999999999993
16 25 1.0
16 173 1.0
16 231 1.0
17 31 5.0
18 223 1.0
18 286 1.0
18 27 1.0
18 21 1.0
18 51 1.0
18 47 1.0
18 32 1.0
18 37 1.0
18 38 1.0
18 44 1.0
18 260 1.0
18 20 1.0
18 25 1.0
18 231 1.0
18 173 1.0
18 19 1.0
18 250 1.0
18 325 1.0
18 62 1.0
18 232 1.0
18 326 1.0
18 244 1.0
18 28 1.0
18 323 1.0
18 327 1.0
18 271 1.0
18 26 1.0
18 22 1.0
18 254 1.0
18 29 1.0
18 264 1.0
18 30 1.0
18 284 1.0
19 24 1.0
19 22 1.0
19 286 1.0
19 25 1.0
19 21 1.0
19 250 1.0
19 20 1.0
19 325 1.0
19 37 1.0
19 173 1.0
19 231 1.0
19 244 1.0
19 26 1.0
19 254 1.0
19 29 1.0
19 260 1.0
19 264 1.0
20 27 1.0
20 51 1.0
20 47 1.0
20 32 1.0
20 37 1.6750000000000003
20 38 1.0
20 21 1.0
20 44 1.0
20 260 1.0
20 286 1.375
20 250 1.0
20 325 1.0
20 62 1.0
20 232 1.0
20 326 1.0
20 244 1.0
20 28 1.0
20 323 1.0
20 327 1.0
20 25 1.0
21 27 1.0
21 286 1.0250000000000001
21 51 1.0
21 47 1.0
21 32 1.0
21 37 1.0
21 38 1.0
21 44 1.0
21 260 1.0
21 25 1.0
21 250 1.0
21 325 1.0
21 62 1.0
21 232 1.0
21 326 1.0
21 244 1.0
21 28 1.0
21 323 1.0
21 327 1.0
21 52 1.0
21 269 1.0
21 54 1.0
21 53 1.0
21 55 1.0
21 311 1.0
21 246 1.0
21 306 1.0
21 268 1.0
21 39 1.0
21 290 1.0
21 46 1.0
21 249 1.0
21 41 1.0
21 40 1.0
21 42 1.0
21 256 1.0
21 265 1.0
22 24 1.0
22 286 1.0
22 25 1.0
22 26 1.0
22 254 1.0
22 29 1.0
22 260 1.0
22 264 1.0
24 286 1.9000000000000004
24 25 1.0
25 27 1.0
25 260 1.0
25 286 1.0
25 325 1.0
25 62 1.0
25 232 1.0
25 37 2.3499999999999996
25 326 1.0
25 244 1.0
25 28 1.0
25 323 1.0
25 327 1.0
25 173 1.0
25 44 1.0
25 26 1.0
26 254 1.0
26 29 1.0
26 260 1.0
26 264 1.0
26 286 1.4499999999999993
27 223 1.0
27 286 1.25
27 51 1.0
27 47 1.0
27 32 1.0
27 37 1.0
27 38 1.0
27 44 1.0
27 260 1.0
27 231 1.0
27 173 1.0
28 325 1.0
28 62 1.0
28 232 1.0
28 37 1.0
28 326 1.0
28 244 1.0
28 323 1.0
28 327 1.0
28 286 1.0
28 30 1.0
28 250 1.0
28 29 1.0
28 260 1.0
28 284 1.0
29 254 1.0
29 260 1.0
29 264 1.0
29 286 2.3499999999999996
29 30 1.0
29 250 1.0
29 284 1.0
30 286 1.0
30 250 1.0
30 260 1.0
30 284 1.0
31 36 5.0
32 51 1.0
32 47 1.0
32 37 3.25
32 38 1.0
32 44 1.0
32 260 1.0
32 286 1.0
32 33 1.0
32 35 1.0
33 286 1.0
33 35 1.0
35 286 1.0
36 50 5.0
37 51 1.0
37 47 1.75
37 38 1.0
37 44 1.0
37 260 1.0
37 286 1.75
37 325 2.3499999999999996
37 62 1.0
37 232 1.0
37 326 1.0
37 244 1.0
37 323 1.0
37 327 1.0
37 173 1.9
37 39 9.55
37 290 4.375
37 46 1.0
37 249 1.0
37 41 2.8000000000000003
37 40 1.0
37 42 1.0
37 256 1.0
37 265 1.0
37 168 1.0
37 167 1.0
37 170 1.0
37 166 1.0
37 175 1.0
37 176 1.0
37 162 1.0
37 154 1.0
37 126 1.0
37 177 1.0
37 163 1.0
37 174 1.0
37 172 1.0
37 171 1.0
37 156 1.0
37 155 1.0
37 132 1.0
37 118 1.0
37 128 1.0
37 157 1.0
37 115 1.0
37 220 1.0
37 130 1.0
37 133 1.0
37 131 1.0
38 51 1.0
38 47 1.0
38 44 1.0
38 260 1.0
38 286 1.0
38 39 1.0
38 290 1.0
38 46 1.0
38 249 1.0
38 41 1.0
38 40 1.0
38 42 1.0
38 256 1.0
38 265 1.0
38 94 1.0
38 104 1.0
38 92 1.0
38 98 1.0
38 93 1.0
38 103 1.0
38 97 1.0
38 102 1.0
38 99 1.0
38 101 1.0
38 95 1.0
38 91 1.0
38 100 1.0
39 51 1.1500000000000001
39 60 1.0
39 62 2.1999999999999997
39 61 1.0
39 75 1.0
39 237 4.1499999999999995
39 68 1.0
39 260 1.0
39 70 1.0
39 286 1.0499999999999998
39 67 5.05
39 69 2.05
39 64 1.0
39 247 1.9000000000000004
39 248 4.6
39 275 2.125
39 47 2.8
39 290 7.300000000000001
39 46 1.0
39 249 1.0
39 44 1.0
39 41 4.1499999999999995
39 315 1.0
40 290 1.0
40 249 1.0
40 44 1.0
40 42 1.0
40 41 1.0
40 256 1.0
40 286 1.0
41 47 1.0
41 290 1.6750000000000003
41 46 1.0
41 249 1.0
41 44 1.0
41 286 1.0
41 42 1.0
41 256 1.0
42 290 1.0
42 249 1.0
42 44 1.0
42 256 1.0
42 286 1.0
44 51 1.0
44 47 1.0
44 260 1.0
44 286 1.0
44 62 1.0
44 290 1.0
44 46 1.0
44 249 1.0
44 256 1.0
44 265 1.0
46 47 1.0
46 290 1.0
46 249 1.0
46 286 1.0
47 51 1.0
47 260 1.0
47 286 1.0
47 290 1.0
47 249 1.0
47 265 1.0
48 49 1.0
50 57 5.0
51 260 1.0
51 286 1.0
51 226 1.0
51 60 1.0
51 229 1.0
51 300 1.0
51 75 1.0
51 73 1.0
51 76 1.0
51 232 1.0
51 62 1.0
51 61 1.0
51 237 1.0
51 68 1.0
51 70 1.0
51 64 1.0
51 65 1.0
51 329 1.0
51 67 1.0
51 69 1.0
51 330 1.0
51 52 1.0
51 269 1.0
51 54 1.0
51 53 1.0
51 55 1.0
51 311 1.0
51 246 1.0
51 306 1.0
51 268 1.0
51 247 1.0
51 248 1.0
51 275 1.0
51 314 1.0
51 235 1.0
51 242 1.0
51 72 1.0
51 294 1.0
51 245 1.0
51 253 1.0
51 295 1.0
51 71 1.0
51 257 1.0
51 298 1.0
51 258 1.0
51 302 1.0
51 77 1.0
51 80 1.0
51 227 1.0
51 234 1.0
51 236 1.0
51 238 1.0
51 276 1.0
51 243 1.0
51 251 1.0
51 299 1.0
51 255 1.0
51 262 1.0
51 282 1.0
51 191 1.0
51 200 1.0
51 218 1.0
51 217 1.0
51 208 1.0
51 185 1.0
52 269 1.0
52 54 1.0
52 53 1.0
52 55 1.0
52 311 1.0
52 246 1.0
52 306 1.0
52 286 1.0
52 268 1.0
53 269 1.0
53 54 1.0
53 55 1.0
53 311 1.0
53 246 1.0
53 306 1.0
53 286 1.0
53 268 1.0
54 269 1.0
54 55 1.0
54 311 1.0
54 246 1.0
54 306 1.0
54 286 1.0
54 268 1.0
54 80 1.0
54 227 1.0
54 234 1.0
54 236 1.0
54 238 1.0
54 276 1.0
54 243 1.0
54 251 1.0
54 299 1.0
54 255 1.0
54 262 1.0
54 282 1.0
54 88 1.0
54 83 1.0
54 81 1.0
54 267 1.0
55 269 1.0
55 311 1.0
55 246 1.0
55 306 1.0
55 286 1.0
55 268 1.0
57 58 5.0
58 59 5.0
59 66 5.0
60 226 1.0
60 229 1.0
60 300 1.0
60 75 1.0
60 73 1.0
60 76 1.0
60 286 1.0
60 62 1.0
60 61 1.0
60 237 1.0
60 68 1.0
60 260 1.0
60 70 1.0
60 64 1.0
60 65 1.0
60 69 1.0
60 247 1.0
60 248 1.0
61 62 1.0
61 75 1.0
61 237 1.0
61 68 1.0
61 260 1.0
61 70 1.0
61 286 1.0
61 69 1.0
61 64 1.0
61 247 1.0
61 248 1.0
62 325 1.0
62 232 1.0
62 326 1.0
62 244 1.0
62 323 1.0
62 327 1.0
62 286 1.0
62 75 1.0
62 237 1.0
62 68 1.0
62 260 1.0
62 70 1.0
62 64 1.0
62 65 1.0
62 69 1.0
62 247 1.0
62 248 1.0
62 239 1.0
64 65 1.0
64 260 1.0
64 286 1.0
64 75 1.0
64 69 1.0
64 68 1.0
64 247 1.0
64 248 1.0
64 70 1.0
64 88 1.0
64 225 1.0
64 236 1.0
64 86 1.0
64 259 1.0
64 87 1.0
65 260 1.0
65 286 1.0
65 314 1.0
65 235 1.0
65 242 1.0
65 72 1.0
65 68 1.0
65 294 1.0
65 245 1.0
65 247 1.0
65 248 1.0
65 253 1.0
65 295 1.0
65 71 1.0
65 257 1.0
65 298 1.0
65 258 1.0
65 302 1.0
66 78 5.0
67 69 1.0
67 68 1.0
67 286 1.0
68 75 1.0
68 237 1.0
68 260 1.0
68 70 1.0
68 286 1.0
68 329 1.0
68 69 1.0
68 330 1.0
68 247 1.0
68 248 1.0
68 275 1.0
68 314 1.0
68 235 1.0
68 242 1.0
68 72 1.0
68 294 1.0
68 245 1.0
68 253 1.0
68 295 1.0
68 71 1.0
68 257 1.0
68 298 1.0
68 258 1.0
68 302 1.0
69 286 1.0
69 75 1.0
69 247 1.0
69 248 1.0
69 260 1.0
69 70 1.0
69 275 1.0
70 75 1.0
70 237 1.0
70 260 1.0
70 286 1.0
70 329 1.0
70 330 1.0
70 247 1.0
70 248 1.0
70 275 1.0
71 314 1.0
71 235 1.0
71 242 1.0
71 72 1.0
71 294 1.0
71 245 1.0
71 247 1.0
71 248 1.0
71 253 1.0
71 295 1.0
71 257 1.0
71 298 1.0
71 258 1.0
71 286 1.0
71 302 1.0
72 314 1.0
72 235 1.0
72 242 1.0
72 294 1.0
72 245 1.0
72 247 1.0
72 248 1.0
72 253 1.0
72 295 1.0
72 257 1.0
72 298 1.0
72 258 1.0
72 286 1.0
72 302 1.0
73 226 1.0
73 229 1.0
73 300 1.0
73 75 1.0
73 76 1.0
73 286 1.0
75 226 1.0
75 229 1.0
75 300 1.0
75 76 1.0
75 286 1.0
75 237 1.0
75 260 1.0
75 247 1.0
75 248 1.0
76 226 1.0
76 229 1.0
76 300 1.0
76 286 1.0
76 191 1.0
76 200 1.0
76 218 1.0
76 217 1.0
76 208 1.0
76 185 1.0
78 79 5.0
79 89 5.0
80 227 1.0
80 234 1.0
80 236 1.0
80 238 1.0
80 276 1.0
80 243 1.0
80 251 1.0
80 299 1.0
80 255 1.0
80 262 1.0
80 282 1.0
80 286 1.0
80 88 1.0
80 83 1.0
80 81 1.0
80 267 1.0
80 82 1.0
80 224 1.0
80 270 1.0
80 291 1.0
80 228 1.0
80 240 1.0
80 278 1.0
80 84 1.0
80 281 1.0
80 283 1.0
80 266 1.0
81 88 1.0
81 227 1.0
81 83 1.0
81 236 1.0
81 286 1.0
81 267 1.0
81 82 1.0
81 299 1.0
82 286 1.2250000000000005
82 267 1.0
82 224 1.0
82 270 1.0
82 227 1.0
82 83 1.0
82 291 1.0
82 228 1.0
82 236 1.0
82 240 1.0
82 278 1.0
82 84 1.0
82 281 1.0
82 283 1.0
82 266 1.0
83 88 1.0
83 227 1.0
83 236 1.0
83 286 1.0
83 267 1.0
83 224 1.0
83 270 1.0
83 291 1.0
83 228 1.0
83 240 1.0
83 278 1.0
83 84 1.0
83 281 1.0
83 283 1.0
83 266 1.0
84 224 1.0
84 270 1.0
84 227 1.0
84 291 1.0
84 228 1.0
84 236 1.0
84 240 1.0
84 278 1.0
84 281 1.0
84 283 1.0
84 286 1.0
84 266 1.0
86 88 1.0
86 225 1.0
86 236 1.0
86 259 1.0
86 87 1.0
86 286 1.0
87 88 1.0
87 225 1.0
87 236 1.0
87 259 1.0
87 286 1.0
88 227 1.0
88 236 1.0
88 286 1.0
88 267 1.0
88 225 1.0
88 259 1.0
89 90 5.0
90 121 5.0
91 105 1.0
91 92 1.0
91 110 1.0
91 109 1.0
91 112 1.0
91 106 1.0
91 111 1.0
91 113 1.0
91 94 1.0
91 104 1.0
91 98 1.0
91 93 1.0
91 103 1.0
91 97 1.0
91 102 1.0
91 99 1.0
91 101 1.0
91 95 1.0
91 100 1.0
92 105 1.0
92 110 1.0
92 109 1.0
92 112 1.0
92 106 1.0
92 111 1.0
92 113 1.0
92 94 1.0
92 104 1.0
92 98 1.0
92 93 1.0
92 103 1.0
92 97 1.0
92 102 1.0
92 99 1.0
92 101 1.0
92 95 1.0
92 100 1.0
93 94 1.0
93 104 1.0
93 98 1.0
93 103 1.0
93 97 1.0
93 102 1.0
93 99 1.0
93 101 1.0
93 95 1.0
93 100 1.0
94 104 1.0
94 98 1.0
94 103 1.0
94 97 1.0
94 102 1.0
94 99 1.0
94 101 1.0
94 95 1.0
94 100 1.0
95 104 1.0
95 98 1.0
95 103 1.0
95 97 1.0
95 102 1.0
95 99 1.0
95 101 1.0
95 100 1.0
97 104 1.0
97 98 1.0
97 103 1.0
97 102 1.0
97 99 1.0
97 101 1.0
97 100 1.0
98 104 1.0
98 103 1.0
98 102 1.0
98 99 1.0
98 101 1.0
98 100 1.0
99 104 1.0
99 103 1.0
99 102 1.0
99 101 1.0
99 100 1.0
100 104 1.0
100 103 1.0
100 102 1.0
100 101 1.0
101 104 1.0
101 103 1.0
101 102 1.0
102 104 1.0
102 103 1.0
103 104 1.0
105 110 1.0
105 109 1.0
105 112 1.0
105 106 1.0
105 111 1.0
105 113 1.0
106 110 1.0
106 109 1.0
106 112 1.0
106 111 1.0
106 113 1.0
109 110 1.0
109 112 1.0
109 111 1.0
109 113 1.0
110 112 1.0
110 111 1.0
110 113 1.0
111 112 1.0
111 113 1.0
112 113 1.0
114 148 1.0
114 152 1.0
114 149 1.0
114 153 1.0
114 151 1.0
115 156 1.0
115 155 1.0
115 132 1.0
115 118 1.0
115 128 1.0
115 157 1.0
115 154 1.0
115 220 1.0
115 130 1.0
115 133 1.0
115 131 1.0
115 120 1.0
115 122 1.0
115 123 1.0
115 127 1.0
115 125 1.0
115 126 1.0
115 124 1.0
115 117 1.0
115 198 1.0
115 116 1.0
116 120 1.0
116 132 1.0
116 122 1.0
116 118 1.0
116 123 1.0
116 127 1.0
116 125 1.0
116 126 1.0
116 124 1.0
116 117 1.0
116 198 1.0
117 135 1.0
117 142 1.0
117 140 1.0
117 143 1.0
117 138 1.0
117 146 1.0
117 137 1.0
117 134 1.0
117 136 1.0
117 144 1.0
117 141 1.0
117 147 1.0
117 120 1.0
117 132 1.0
117 122 1.0
117 118 1.0
117 123 1.0
117 127 1.0
117 125 1.0
117 126 1.0
117 124 1.0
117 198 1.0
118 156 1.0
118 155 1.0
118 132 1.0
118 128 1.0
118 157 1.0
118 154 1.0
118 220 1.0
118 130 1.0
118 133 1.0
118 131 1.0
118 120 1.0
118 122 1.0
118 123 1.0
118 127 1.0
118 125 1.0
118 126 1.0
118 124 1.0
118 198 1.0
120 132 1.0
120 122 1.0
120 123 1.0
120 127 1.0
120 125 1.0
120 126 1.0
120 124 1.0
120 198 1.0
121 145 5.0
122 132 1.0
122 123 1.0
122 127 1.0
122 125 1.0
122 126 1.0
122 124 1.0
122 198 1.0
123 132 1.0
123 127 1.0
123 125 1.0
123 126 1.0
123 124 1.0
123 198 1.0
124 132 1.0
124 127 1.0
124 125 1.0
124 126 1.0
124 198 1.0
125 132 1.0
125 127 1.0
125 126 1.0
125 198 1.0
126 168 1.0
126 167 1.0
126 170 1.0
126 166 1.0
126 175 1.0
126 176 1.0
126 162 1.0
126 154 1.0
126 177 1.0
126 163 1.0
126 174 1.0
126 172 1.0
126 171 1.0
126 173 1.0
126 132 1.0
126 127 1.0
126 198 1.0
127 179 1.0
127 170 1.0
127 159 1.0
127 178 1.0
127 181 1.0
127 182 1.0
127 183 1.0
127 184 1.0
127 132 1.0
127 198 1.0
128 156 1.0
128 155 1.0
128 132 1.0
128 157 1.0
128 154 1.0
128 220 1.0
128 130 1.0
128 133 1.0
128 131 1.0
130 156 1.0
130 155 1.0
130 132 1.0
130 157 1.0
130 154 1.0
130 220 1.0
130 133 1.0
130 131 1.0
131 156 1.0
131 155 1.0
131 132 1.0
131 157 1.0
131 154 1.0
131 220 1.0
131 133 1.0
132 156 1.0
132 155 1.0
132 157 1.0
132 154 1.0
132 220 1.0
132 133 1.0
132 198 1.0
133 156 1.0
133 155 1.0
133 157 1.0
133 154 1.0
133 220 1.0
134 135 1.0
134 142 1.0
134 140 1.0
134 143 1.0
134 138 1.0
134 146 1.0
134 137 1.0
134 136 1.0
134 144 1.0
134 141 1.0
134 147 1.0
135 142 1.0
135 140 1.0
135 143 1.0
135 138 1.0
135 146 1.0
135 137 1.0
135 136 1.0
135 144 1.0
135 141 1.0
135 147 1.0
136 142 1.0
136 140 1.0
136 143 1.0
136 138 1.0
136 146 1.0
136 137 1.0
136 144 1.0
136 141 1.0
136 147 1.0
137 142 1.0
137 140 1.0
137 143 1.0
137 138 1.0
137 146 1.0
137 144 1.0
137 141 1.0
137 147 1.0
138 142 1.0
138 140 1.0
138 143 1.0
138 146 1.0
138 144 1.0
138 141 1.0
138 147 1.0
140 142 1.0
140 143 1.0
140 146 1.0
140 144 1.0
140 141 1.0
140 147 1.0
141 142 1.0
141 143 1.0
141 146 1.0
141 144 1.0
141 147 1.0
142 143 1.0
142 146 1.0
142 144 1.0
142 147 1.0
143 146 1.0
143 144 1.0
143 147 1.0
144 146 1.0
144 147 1.0
145 221 5.0
146 147 1.0
148 152 1.0
148 149 1.0
148 153 1.0
148 151 1.0
149 152 1.0
149 153 1.0
149 151 1.0
151 152 1.0
151 153 1.0
152 153 1.0
154 168 1.0
154 167 1.0
154 170 1.0
154 166 1.0
154 175 1.0
154 176 1.0
154 162 1.0
154 177 1.0
154 163 1.0
154 174 1.0
154 172 1.0
154 171 1.0
154 173 1.0
154 156 1.0
154 155 1.0
154 157 1.0
154 220 1.0
155 156 1.0
155 157 1.0
155 220 1.0
156 157 1.0
156 220 1.0
157 220 1.0
158 165 1.0
158 159 1.0
158 164 1.0
158 162 1.0
158 163 1.0
158 160 1.0
159 179 1.0
159 170 1.0
159 178 1.0
159 181 1.0
159 182 1.0
159 183 1.0
159 184 1.0
159 165 1.0
159 164 1.0
159 162 1.0
159 163 1.0
159 160 1.0
160 165 1.0
160 164 1.0
160 162 1.0
160 163 1.0
162 168 1.0
162 167 1.0
162 170 1.0
162 166 1.0
162 175 1.0
162 176 1.0
162 177 1.0
162 163 1.0
162 174 1.0
162 172 1.0
162 171 1.0
162 173 1.0
162 165 1.0
162 164 1.0
163 168 1.0
163 167 1.0
163 170 1.0
163 166 1.0
163 175 1.0
163 176 1.0
163 177 1.0
163 174 1.0
163 172 1.0
163 171 1.0
163 173 1.0
163 165 1.0
163 164 1.0
164 165 1.0
166 168 1.0
166 167 1.0
166 170 1.0
166 175 1.0
166 176 1.0
166 177 1.0
166 174 1.0
166 172 1.0
166 171 1.0
166 173 1.0
167 168 1.0
167 170 1.0
167 175 1.0
167 176 1.0
167 177 1.0
167 174 1.0
167 172 1.0
167 171 1.0
167 173 1.0
168 170 1.0
168 175 1.0
168 176 1.0
168 177 1.0
168 174 1.0
168 172 1.0
168 171 1.0
168 173 1.0
170 175 1.0
170 176 1.0
170 177 1.0
170 174 1.0
170 172 1.0
170 171 1.0
170 173 1.0
170 195 1.0
170 201 1.0
170 196 1.0
170 197 1.0
170 200 1.0
170 194 1.0
170 193 1.0
170 198 1.0
170 203 1.0
170 202 1.0
170 205 1.0
170 204 1.0
170 179 1.0
170 178 1.0
170 181 1.0
170 182 1.0
170 183 1.0
170 184 1.0
171 175 1.0
171 176 1.0
171 177 1.0
171 174 1.0
171 172 1.0
171 173 1.0
172 175 1.0
172 176 1.0
172 177 1.0
172 174 1.0
172 173 1.0
173 231 1.0
173 286 1.0
173 325 1.0
173 244 1.0
173 175 1.0
173 176 1.0
173 177 1.0
173 174 1.0
174 175 1.0
174 176 1.0
174 177 1.0
175 176 1.0
175 177 1.0
176 177 1.0
178 179 1.0
178 181 1.0
178 182 1.0
178 183 1.0
178 184 1.0
179 181 1.0
179 182 1.0
179 183 1.0
179 184 1.0
181 182 1.0
181 183 1.0
181 184 1.0
182 183 1.0
182 184 1.0
183 184 1.0
185 191 1.0
185 200 1.0
185 218 1.0
185 217 1.0
185 208 1.0
186 190 1.0
186 191 1.0
186 188 1.0
186 187 1.0
186 192 1.0
187 190 1.0
187 191 1.0
187 188 1.0
187 192 1.0
188 190 1.0
188 191 1.0
188 192 1.0
190 191 1.0
190 192 1.0
191 200 1.0
191 218 1.0
191 217 1.0
191 208 1.0
191 192 1.0
193 195 1.0
193 201 1.0
193 196 1.0
193 197 1.0
193 200 1.0
193 194 1.0
193 198 1.0
193 203 1.0
193 202 1.0
193 205 1.0
193 204 1.0
194 195 1.0
194 201 1.0
194 196 1.0
194 197 1.0
194 200 1.0
194 198 1.0
194 203 1.0
194 202 1.0
194 205 1.0
194 204 1.0
195 201 1.0
195 196 1.0
195 197 1.0
195 200 1.0
195 198 1.0
195 203 1.0
195 202 1.0
195 205 1.0
195 204 1.0
196 201 1.0
196 197 1.0
196 200 1.0
196 198 1.0
196 203 1.0
196 202 1.0
196 205 1.0
196 204 1.0
197 201 1.0
197 200 1.0
197 198 1.0
197 203 1.0
197 202 1.0
197 205 1.0
197 204 1.0
198 201 1.0
198 200 1.0
198 203 1.0
198 202 1.0
198 205 1.0
198 204 1.0
198 214 1.0
198 213 1.0
198 215 1.0
198 216 1.0
200 218 1.0
200 217 1.0
200 208 1.0
200 201 1.0
200 203 1.0
200 202 1.0
200 205 1.0
200 204 1.0
201 203 1.0
201 202 1.0
201 205 1.0
201 204 1.0
201 214 1.0
201 213 1.0
201 215 1.0
201 216 1.0
202 288 1.0
202 286 1.0
202 203 1.0
202 205 1.0
202 204 1.0
203 205 1.0
203 204 1.0
204 205 1.0
206 212 1.0
206 207 1.0
206 210 1.0
206 208 1.0
206 211 1.0
207 212 1.0
207 210 1.0
207 208 1.0
207 211 1.0
208 212 1.0
208 210 1.0
208 211 1.0
208 218 1.0
208 217 1.0
210 212 1.0
210 211 1.0
211 212 1.0
213 214 1.0
215 216 1.0
217 218 1.0
221 233 5.0
223 286 1.0
224 270 1.0
224 227 1.0
224 291 1.0
224 228 1.0
224 236 1.0
224 240 1.0
224 278 1.0
224 281 1.0
224 283 1.0
224 286 1.0
224 266 1.0
225 236 1.0
225 259 1.0
225 286 1.0
226 229 1.0
226 300 1.0
226 286 1.0
227 234 1.0
227 236 1.0
227 238 1.0
227 276 1.0
227 243 1.0
227 251 1.0
227 299 1.0
227 255 1.0
227 262 1.0
227 282 1.0
227 286 1.0
227 267 1.0
227 270 1.0
227 291 1.0
227 228 1.0
227 240 1.0
227 278 1.0
227 281 1.0
227 283 1.0
227 266 1.0
228 270 1.0
228 291 1.0
228 236 1.0
228 240 1.0
228 278 1.0
228 281 1.0
228 283 1.0
228 286 1.0
228 266 1.0
229 300 1.0
229 286 1.0
231 286 1.0
231 244 1.0
232 325 1.0
232 326 1.0
232 244 1.0
232 323 1.0
232 327 1.0
232 286 1.0
233 261 5.0
234 236 1.0
234 238 1.0
234 276 1.0
234 243 1.0
234 251 1.0
234 299 1.0
234 255 1.0
234 262 1.0
234 282 1.0
234 286 1.0
235 314 1.0
235 242 1.0
235 294 1.0
235 245 1.0
235 247 1.0
235 248 1.0
235 253 1.0
235 295 1.0
235 257 1.0
235 298 1.0
235 258 1.0
235 286 1.0
235 302 1.0
236 238 1.0
236 276 1.0
236 243 1.0
236 251 1.0
236 299 1.0
236 255 1.0
236 262 1.0
236 282 1.0
236 286 1.0
236 267 1.0
236 259 1.0
236 270 1.0
236 291 1.0
236 240 1.0
236 278 1.0
236 281 1.0
236 283 1.0
236 266 1.0
237 260 1.0
237 286 1.0
238 276 1.0
238 243 1.0
238 251 1.0
238 299 1.0
238 255 1.0
238 262 1.0
238 282 1.0
238 286 1.0
239 286 1.0
240 270 1.0
240 291 1.0
240 278 1.0
240 281 1.0
240 283 1.0
240 286 1.0
240 266 1.0
242 314 1.0
242 294 1.0
242 245 1.0
242 247 1.0
242 248 1.0
242 253 1.0
242 295 1.0
242 257 1.0
242 298 1.0
242 258 1.0
242 286 1.0
242 302 1.0
243 276 1.0
243 251 1.0
243 299 1.0
243 255 1.0
243 262 1.0
243 282 1.0
243 286 1.0
244 325 1.0
244 326 1.0
244 323 1.0
244 327 1.0
244 286 1.0
245 314 1.0
245 294 1.0
245 247 1.0
245 248 1.0
245 253 1.0
245 295 1.0
245 257 1.0
245 298 1.0
245 258 1.0
245 286 1.0
245 302 1.0
246 269 1.0
246 311 1.0
246 306 1.0
246 286 1.0
246 268 1.0
247 248 1.0
247 260 1.0
247 286 1.0
247 314 1.0
247 294 1.0
247 253 1.0
247 295 1.0
247 257 1.0
247 298 1.0
247 258 1.0
247 302 1.0
248 260 1.0
248 286 1.0
248 314 1.0
248 294 1.0
248 253 1.0
248 295 1.0
248 257 1.0
248 298 1.0
248 258 1.0
248 302 1.0
249 290 1.0
249 286 1.0
249 256 1.0
250 286 2.35
250 260 1.0
250 284 1.0
251 276 1.0
251 299 1.0
251 255 1.0
251 262 1.0
251 282 1.0
251 286 1.0
253 314 1.0
253 294 1.0
253 295 1.0
253 257 1.0
253 298 1.0
253 258 1.0
253 286 1.0
253 302 1.0
254 260 1.0
254 264 1.0
254 286 1.0
255 276 1.0
255 299 1.0
255 262 1.0
255 282 1.0
255 286 1.0
256 290 1.0
256 286 1.0
257 314 1.0
257 294 1.0
257 295 1.0
257 298 1.0
257 258 1.0
257 286 1.0
257 302 1.0
258 314 1.0
258 294 1.0
258 295 1.0
258 298 1.0
258 286 1.0
258 302 1.0
259 286 1.0
260 286 1.0
260 264 1.0
260 284 1.0
261 272 5.0
262 276 1.0
262 299 1.0
262 282 1.0
262 286 1.0
264 286 1.0
265 286 3.25
266 270 1.0
266 291 1.0
266 278 1.0
266 281 1.0
266 283 1.0
266 286 1.0
267 286 1.0
268 269 1.0
268 311 1.0
268 306 1.0
268 286 1.0
269 311 1.0
269 306 1.0
269 286 1.0
270 291 1.0
270 278 1.0
270 281 1.0
270 283 1.0
270 286 1.0
271 286 1.0
272 273 5.0
273 277 5.0
275 286 1.0
275 315 1.0
276 299 1.0
276 282 1.0
276 286 1.0
277 279 5.0
278 291 1.0
278 281 1.0
278 283 1.0
278 286 1.0
279 280 5.0
280 287 5.0
281 291 1.0
281 283 1.0
281 286 1.0
282 299 1.0
282 286 1.0
283 291 1.0
283 286 1.0
284 286 5.05
286 300 1.0
286 325 1.0
286 326 1.0
286 323 1.0
286 327 1.0
286 329 1.0
286 330 1.0
286 311 1.0
286 306 1.0
286 314 1.0
286 294 1.0
286 295 1.0
286 298 1.0
286 302 1.0
286 299 1.0
286 290 1.0
286 288 1.0
286 291 1.0
286 315 1.0
287 289 5.0
289 292 5.0
292 293 5.0
293 297 5.0
294 314 1.0
294 295 1.0
294 298 1.0
294 302 1.0
295 314 1.0
295 298 1.0
295 302 1.0
297 301 5.0
298 314 1.0
298 302 1.0
301 303 5.0
302 314 1.0
303 304 5.0
304 305 5.0
305 308 5.0
306 311 1.0
308 309 5.0
309 310 5.0
310 312 5.0
312 313 5.0
313 316 5.0
316 317 5.0
317 320 5.0
320 321 5.0
321 322 5.0
322 324 5.0
323 325 1.0
323 326 1.0
323 327 1.0
324 328 5.0
325 326 1.0
325 327 1.0
326 327 1.0
328 331 5.0
