0 86.04 2
1 90.09 2
2 87.93 1
3 72.65 1
4 53.75 1
5 86.15 1
6 71.67 1
7 41.0 0
8 93.52 0
9 48.93 0
10 35.7 1
11 90.88 1
12 65.78 2
13 41.04 2
14 64.95 0
15 42.27 0
16 64.08 0
17 44.76 1
18 94.39 0
19 39.45 0
20 92.72 0
21 46.44 0
22 82.94 0
23 89.03 2
24 90.52 0
25 59.03 0
26 54.02 0
27 97.09 0
28 86.67 0
29 45.79 0
30 43.12 0
31 95.51 1
32 38.42 0
33 36.92 3
34 81.26 2
35 48.34 3
36 57.94 1
37 94.71 0
38 70.09 2
39 45.68 0
40 39.95 0
41 60.13 0
42 39.76 0
43 56.06 3
44 84.28 0
44 52.54 0
44 67.57 0
45 45.79 2
46 95.69 0
47 33.85 0
48 83.96 2
49 56.35 2
50 78.25 1
51 86.06 0
52 83.39 8
53 91.07 8
54 35.83 4
55 81.49 8
56 42.89 2
57 77.85 1
58 55.49 1
59 34.44 1
60 99.01 0
61 71.6 0
62 60.44 0
62 91.79 0
62 44.4 0
63 52.53 2
64 81.35 0
65 53.66 0
66 64.0 1
67 52.34 0
68 49.97 0
69 44.28 0
70 42.42 0
71 53.63 6
72 86.54 6
73 82.52 0
74 72.4 2
75 88.78 0
76 95.87 0
77 71.69 0
78 71.64 1
79 72.5 1
80 82.68 4
81 98.27 4
82 59.62 4
83 44.66 4
84 88.52 4
85 94.02 2
86 89.48 4
87 56.88 4
88 98.12 4
89 80.82 1
90 78.82 1
91 85.15 2
92 78.3 2
93 58.77 2
94 92.64 2
95 60.21 2
96 73.44 2
97 75.52 2
98 51.67 2
99 62.35 2
100 53.24 2
101 83.09 2
102 83.46 2
103 94.12 2
104 62.34 2
105 47.66 2
106 93.13 2
107 71.17 2
108 92.01 2
109 71.77 2
110 64.26 2
111 46.58 2
112 57.35 2
113 84.59 2
114 62.55 3
115 62.5 5
116 60.42 5
117 62.32 5
118 84.8 5
119 80.84 2
120 76.55 5
121 39.63 1
122 83.19 5
123 90.15 5
124 75.46 5
125 72.62 5
126 95.99 5
127 40.58 5
128 74.34 5
129 33.22 2
130 51.09 5
131 30.53 5
132 53.12 5
133 39.28 5
134 82.14 7
135 33.89 7
136 74.65 7
137 76.16 7
138 68.1 7
139 91.96 2
140 84.19 7
141 78.43 7
142 37.28 7
143 97.34 7
144 32.75 7
145 98.14 1
146 93.16 7
147 73.48 7
148 85.63 3
149 79.5 3
150 73.33 2
151 76.18 3
152 85.01 3
153 57.07 3
154 36.21 5
155 86.01 5
156 54.22 5
157 61.56 5
158 79.14 5
159 89.62 5
160 95.77 5
161 48.19 2
162 81.02 5
163 35.69 5
164 40.02 5
165 83.09 5
166 55.1 5
167 49.2 5
168 32.23 5
169 59.94 2
170 39.14 3
171 51.39 5
172 89.56 5
173 48.3 0
174 46.2 5
175 44.94 5
176 76.85 5
177 64.56 5
178 32.06 5
179 44.56 5
180 76.41 2
181 72.58 5
182 42.11 5
183 67.95 5
184 96.15 5
185 92.03 3
186 73.09 3
187 50.98 3
188 78.62 3
189 36.37 2
190 76.23 3
191 61.15 3
192 38.74 3
193 33.94 3
194 96.12 3
195 41.29 3
196 63.82 3
197 30.3 3
198 58.25 3
199 55.46 2
200 97.59 3
201 50.5 3
202 85.34 3
203 51.58 3
204 47.9 3
205 51.86 3
206 99.99 3
207 83.14 3
208 73.55 3
209 98.91 2
210 55.92 3
211 46.39 3
212 89.28 3
213 90.67 3
214 42.83 3
215 45.88 3
216 53.52 3
217 73.86 3
218 49.72 3
219 60.08 2
220 67.3 5
221 38.82 1
222 70.83 2
223 34.7 0
224 47.7 4
225 87.14 4
226 45.3 0
227 98.94 4
228 74.97 4
229 96.77 0
230 97.46 0
231 56.48 0
232 63.51 0
233 31.21 1
234 37.97 4
235 37.51 6
236 91.09 4
237 97.04 0
238 46.5 4
239 55.87 0
240 94.88 4
241 73.15 4
242 30.82 6
243 49.84 4
244 50.96 0
245 53.34 6
246 39.83 8
247 76.9 0
248 33.96 0
249 79.6 0
250 30.57 0
251 71.05 4
252 68.63 3
253 49.92 6
254 55.83 0
255 69.52 4
256 78.68 0
257 67.26 6
258 89.17 6
259 92.52 4
260 32.81 0
261 76.3 1
262 73.74 4
263 93.77 3
264 97.93 0
265 52.58 0
266 62.85 4
267 58.09 4
268 38.42 8
269 31.14 8
270 51.5 4
271 60.75 2
272 58.95 1
273 91.47 1
274 35.72 3
275 81.88 0
276 45.08 4
277 78.26 1
278 61.39 4
279 83.06 1
280 85.51 1
281 65.32 4
282 83.06 4
283 73.53 4
284 86.78 0
285 97.2 3
286 39.14 0
287 69.85 1
288 87.93 0
289 35.97 1
290 54.18 0
291 49.84 4
292 42.49 1
293 99.04 1
294 75.31 6
295 72.98 6
296 93.37 1
297 57.65 1
298 69.52 6
299 43.53 4
300 52.55 0
301 54.4 1
302 68.23 6
303 98.54 1
304 48.19 1
305 73.16 1
306 77.16 8
307 34.79 1
308 83.49 1
309 51.25 1
310 56.41 1
311 62.34 8
312 69.43 1
313 55.68 1
314 30.99 6
315 93.97 0
316 58.1 1
317 39.72 1
318 94.7 3
319 65.58 1
320 92.38 1
321 83.2 1
322 82.45 1
323 69.75 0
324 79.47 1
325 79.52 0
326 70.17 0
327 57.52 0
328 54.62 1
329 44.97 0
330 62.84 0
331 49.97 1
332 73.82 1
333 98.91 1
334 38.19 1
335 96.66 0
336 72.66 4
337 47.61 0
338 79.02 1
339 90.56 3
340 63.91 0
341 91.35 1
342 90.86 1
343 94.86 1
344 99.51 1
345 38.21 1
346 84.48 1
347 34.46 1
348 59.25 3
349 37.29 1
350 31.63 4
351 93.56 4
352 83.06 4
353 92.15 1
354 86.28 1
355 64.56 1
356 35.66 1
357 58.59 0
358 52.23 0
359 30.44 1
360 43.43 3
361 33.84 0
362 90.95 4
363 78.49 4
364 77.2 0
365 78.18 4
366 81.96 4
367 94.57 1
368 94.7 1
369 86.81 1
370 97.41 0
371 72.1 4
372 44.68 0
373 43.92 0
374 77.21 4
375 82.77 4
376 37.79 4
377 79.07 0
378 47.18 1
379 98.04 1
380 93.08 0
381 76.74 0
382 77.73 2
383 96.09 0
384 46.97 0
385 41.53 0
386 93.46 0
387 45.53 0
388 40.45 0
389 53.67 3
390 56.11 0
391 84.99 0
392 34.95 1
