0 9.61 0
1 14.68 1
2 17.78 7
3 26.13 8
4 26.03 9
5 26.62 10
6 27.08 11
7 21.75 12
8 19.14 13
9 44.03 19
10 37.88 10
11 23.59 6
12 16.93 7
13 27.24 8
14 16.11 9
15 23.77 10
16 21.32 11
17 28.64 12
18 16.97 13
19 16.04 14
20 25.95 5
21 17.69 6
22 29.93 7
23 25.38 8
24 21.21 9
25 23.41 10
26 28.36 11
27 21.21 12
28 23.55 13
29 23.34 14
30 22.33 5
31 18.19 6
32 20.89 7
33 17.22 8
34 17.98 9
35 26.6 10
36 23.53 11
37 20.98 12
38 16.48 13
39 19.25 14
40 29.62 5
41 25.9 6
42 19.57 7
43 22.85 8
44 24.18 9
45 21.46 10
46 19.9 11
47 27.27 12
48 28.88 13
49 22.42 14
50 25.78 5
51 23.95 6
52 26.34 7
53 26.83 8
54 21.73 9
55 17.78 10
56 28.22 11
57 28.44 12
58 19.55 13
59 16.1 14
60 18.64 5
61 16.6 6
62 29.12 7
63 23.34 8
64 26.83 9
65 18.1 10
66 20.57 11
67 24.62 12
68 21.49 13
69 26.51 14
70 23.82 5
71 28.13 6
72 28.25 7
73 28.72 8
74 28.87 9
75 20.61 10
76 25.61 11
77 29.96 12
78 26.47 13
79 24.93 14
80 28.29 5
81 16.36 6
82 27.77 7
83 27.97 8
84 18.14 9
85 17.07 10
86 18.32 11
87 18.63 12
88 19.31 13
89 23.7 14
90 17.76 5
91 18.58 6
92 17.01 7
93 27.73 8
94 20.09 9
95 27.59 10
96 16.03 11
97 28.1 12
98 23.23 13
99 29.33 14
100 20.02 5
101 21.37 6
102 24.9 7
103 17.26 8
104 25.1 9
105 27.05 10
106 16.18 11
107 29.11 12
108 26.42 13
109 27.94 14
110 20.33 5
111 21.42 6
112 19.86 7
113 22.09 8
114 26.71 9
115 16.25 10
116 24.01 11
117 20.87 12
118 24.1 13
119 28.24 14
120 28.07 5
121 29.64 6
122 28.9 7
123 19.07 8
124 18.99 9
125 28.78 10
